docs/examples/data_examples/gaussian_bump.asc
ncols 81
nrows 43
xllcentre 0
xllcentre 0
cellsize 5
NODATA_value 0
[rows 0 to 20 of 43, columns 0 to 47 of 81]
0.000288423747 0.000472567571 0.000764659582 0.001221922533 0.001928370730 0.003005444463 0.004625920901 0.007031678677 0.010555799927 0.015649288692 0.022912336218 0.033129544421 0.047307813161 0.066714709775 0.092914105070 0.127794750471 0.173586401185 0.232857217424 0.308485692603 0.403600474832 0.521482368659 0.665424687720 0.838551052542 1.043593646277 1.282639656368 1.556858775818 1.866229688064 2.209287766506 2.582919080719 2.982226550088 3.400492200468 3.829254688634 4.258513628879 4.677062238396 5.072938248794 5.433971063940 5.748392129124 6.005466789531 6.196100769053 6.313373656080 6.352955806803 6.313373656080 6.196100769053 6.005466789531 5.748392129124 5.433971063940 5.072938248794 4.677062238396
0.000372665317 0.000610593078 0.000987998070 0.001578816420 0.002491600973 0.003883261778 0.005977040017 0.009085461195 0.013638892648 0.020220065743 0.029604473006 0.042805879514 0.061125276113 0.086200455767 0.120052057951 0.165120492500 0.224286771949 0.300869153715 0.398586869213 0.521482368659 0.673794699909 0.859779073503 1.083471443644 1.348401997805 1.657267540176 2.011579402674 2.411310042682 2.854567051753 3.337326996033 3.853262476626 4.393693362341 4.947686957156 5.502322005641 6.043118495984 6.554620271802 7.021102001499 7.427357821433 7.759517744899 8.005831278672 8.157356727029 8.208499862390 8.157356727029 8.005831278672 7.759517744899 7.427357821433 7.021102001499 6.554620271802 6.043118495984
0.000475530367 0.000779132206 0.001260710518 0.002014609671 0.003179345840 0.004955140215 0.007626854187 0.011593278204 0.017403571869 0.025801315138 0.037776056083 0.054621384576 0.077997397829 0.109993961075 0.153189461377 0.210697923385 0.286195591938 0.383916647403 0.508606923101 0.665424687720 0.859779073503 1.097099836693 1.382536956895 1.720595042585 2.114715284097 2.566826179168 3.076892582722 3.642499733736 4.258513628879 4.916860347177 5.606463821761 6.313373656080 7.021102001499 7.711171996832 8.363861195735 8.959103677486 9.477496375613 9.901340836383 10.215643133339 10.408993436657 10.474253370494 10.408993436657 10.215643133339 9.901340836383 9.477496375613 8.959103677486 8.363861195735 7.711171996832
0.000599251121 0.000981842338 0.001588714923 0.002538759218 0.004006529739 0.006244340072 0.009611165206 0.014609550592 0.021931533016 0.032514152789 0.047604412902 0.068832461994 0.098290311815 0.138611556702 0.193045413623 0.265516096236 0.360656313602 0.483801870759 0.640933344626 0.838551052542 1.083471443644 1.382536956895 1.742237463949 2.168249556388 2.664909733636 3.234648238870 3.877420783172 4.590184346895 5.366469191273 6.196100769053 7.065121306043 7.955950871823 8.847811904209 9.717420338631 10.539922456186 11.290031700406 11.943296826672 12.477414699441 12.873490358780 13.117145431019 13.199384318783 13.117145431019 12.873490358780 12.477414699441 11.943296826672 11.290031700406 10.539922456186 9.717420338631
0.000745780070 0.001221922533 0.001977187667 0.003159536896 0.004986206823 0.007771206779 0.011961288358 0.018181879477 0.027294233833 0.040464516933 0.059244649075 0.085663383019 0.122324269452 0.172504869485 0.240248898966 0.330440120702 0.448844034270 0.602101156334 0.797654435124 1.043593646277 1.348401997805 1.720595042585 2.168249556388 2.698430171580 3.316533748891 4.025584774824 4.825528130928 5.712576718064 6.678678816247 7.711171996832 8.792685529177 9.901340836383 11.011279824520 12.093525007042 13.117145431019 14.050671468472 14.863673053812 15.528393486390 16.021317608635 16.324551245396 16.426899194858 16.324551245396 16.021317608635 15.528393486390 14.863673053812 14.050671468472 13.117145431019 12.093525007042
0.000916608774 0.001501816634 0.002430083126 0.003883261778 0.006128349505 0.009551282751 0.014701146221 0.022346628621 0.033546262790 0.049733336609 0.072815253909 0.105285474428 0.150343919298 0.212018909186 0.295280415237 0.406130877070 0.551656442076 0.740018706528 0.980365503582 1.282639656368 1.657267540176 2.114715284097 2.664909733636 3.316533748891 4.076220397837 4.947686957156 5.930865682944 7.021102001499 8.208499862390 9.477496375613 10.806741863483 12.169346232853 13.533528323661 14.863673053812 16.121764412978 17.269124326637 18.268352405273 19.085333986432 19.691167520419 20.063859984619 20.189651799466 20.063859984619 19.691167520419 19.085333986432 18.268352405273 17.269124326637 16.121764412978 14.863673053812
0.001112573127 0.001822894213 0.002949617394 0.004713475175 0.007438546486 0.011593278204 0.017844145388 0.027124176853 0.040718212135 0.060365965738 0.088382630694 0.127794750471 0.182486366290 0.257347024761 0.358409241058 0.492958733155 0.669596615713 0.898229375498 1.189960586502 1.556858775818 2.011579402674 2.566826179168 3.234648238870 4.025584774824 4.947686957156 6.005466789531 7.198842044881 8.522163035178 9.963418005690 11.503716832633 13.117145431019 14.771064799480 16.426899194858 18.041419287047 19.568481516547 20.961138715110 22.173994559342 23.165640917689 23.900997297317 24.353368725792 24.506053924553 24.353368725792 23.900997297317 23.165640917689 22.173994559342 20.961138715110 19.568481516547 18.041419287047
0.001333657896 0.002185130309 0.003535750085 0.005650112548 0.008916695916 0.013897034402 0.021390041537 0.032514152789 0.048809524352 0.072361577787 0.105945569291 0.153189461377 0.218749111818 0.308485692603 0.429630469075 0.590916939348 0.802655387040 1.076720864655 1.426423390900 1.866229688064 2.411310042682 3.076892582722 3.877420783172 4.825528130928 5.930865682944 7.198842044881 8.629358649937 10.215643133339 11.943296826672 13.789675858592 15.723716631363 17.706294290317 19.691167520419 21.626516682989 23.457028809380 25.126427633231 26.580295908893 27.768997095379 28.650479686019 29.192744021722 29.375770032353 29.192744021722 28.650479686019 27.768997095379 26.580295908893 25.126427633231 23.457028809380 21.626516682989
0.001578816420 0.002586810022 0.004185706325 0.006688739661 0.010555799927 0.016451644881 0.025322047653 0.038491039155 0.057781893478 0.085663383019 0.125420923076 0.181349383273 0.258960480462 0.365192811565 0.508606923101 0.699541741015 0.950202828006 1.274648157962 1.688634452409 2.209287766506 2.854567051753 3.642499733736 4.590184346895 5.712576718064 7.021102001499 8.522163035178 10.215643133339 12.093525007042 14.138763164945 16.324551245396 18.614115411338 20.961138715110 23.310879571436 25.601992640813 27.768997095379 29.745271732174 31.466396101846 32.873609268656 33.917129643638 34.559075257697 34.775745868409 34.559075257697 33.917129643638 32.873609268656 31.466396101846 29.745271732174 27.768997095379 25.601992640813
0.001845823400 0.003024287314 0.004893586474 0.007819928920 0.012340980409 0.019233921500 0.029604473006 0.045000583888 0.067553877519 0.100150641248 0.146631914704 0.212018909186 0.302755474538 0.426953652409 0.594621735647 0.817847153286 1.110899653824 1.490214673849 1.974213687149 2.582919080719 3.337326996033 4.258513628879 5.366469191273 6.678678816247 8.208499862390 9.963418005690 11.943296826672 14.138763164945 16.529888822159 19.085333986432 21.762105686523 24.506053924553 27.253179303401 29.931761855070 32.465246735835 34.775745868409 36.787944117144 38.433142988155 39.653141907499 40.403652366334 40.656965974060 40.403652366334 39.653141907499 38.433142988155 36.787944117144 34.775745868409 32.465246735835 29.931761855070
0.002131179250 0.003491828292 0.005650112548 0.009028854144 0.014248839502 0.022207397742 0.034181189050 0.051957468215 0.077997397829 0.115633472054 0.169300537669 0.244796062260 0.349560085366 0.492958733155 0.686547534742 0.944282580376 1.282639656368 1.720595042585 2.279418088361 2.982226550088 3.853262476626 4.916860347177 6.196100769053 7.711171996832 9.477496375613 11.503716832633 13.789675858592 16.324551245396 19.085333986432 22.035839278323 25.126427633231 28.294577711413 31.466396101846 34.559075257697 37.484225306750 40.151917031417 42.475191920752 44.374731008108 45.783336177161 46.649872118285 46.942346850497 46.649872118285 45.783336177161 44.374731008108 42.475191920752 40.151917031417 37.484225306750 34.559075257697
0.002430083126 0.003981567018 0.006442556703 0.010295176298 0.016247279266 0.025322047653 0.038975196825 0.059244649075 0.088936751961 0.131851391311 0.193045413623 0.279129397596 0.398586869213 0.562097580143 0.782837754923 1.076720864655 1.462533470959 1.961913330260 2.599112877876 3.400492200468 4.393693362341 5.606463821761 7.065121306043 8.792685529177 10.806741863483 13.117145431019 15.723716631363 18.614115411338 21.762105686523 25.126427633231 28.650479686019 32.262971711634 35.879646540595 39.406082635033 42.741493194873 45.783336177161 48.432456895536 50.598411675480 52.204577676102 53.192647716967 53.526142851899 53.192647716967 52.204577676102 50.598411675480 48.432456895536 45.783336177161 42.741493194873 39.406082635033
0.002736488324 0.004483596278 0.007254888119 0.011593278204 0.018295872079 0.028514863139 0.043889515513 0.066714709775 0.100150641248 0.148476317138 0.217386193426 0.314324365847 0.448844034270 0.632971542749 0.881544484374 1.212482833739 1.646941919228 2.209287766506 2.926830760714 3.829254688634 4.947686957156 6.313373656080 7.955950871823 9.901340836383 12.169346232853 14.771064799480 17.706294290317 20.961138715110 24.506053924553 28.294577711413 32.262971711634 36.330956935901 40.403652366334 44.374731008108 48.130698018717 51.556081997076 54.539226004935 56.978282473092 58.786967312235 59.899621485111 60.275166475010 59.899621485111 58.786967312235 56.978282473092 54.539226004935 51.556081997076 48.130698018717 44.374731008108
0.003043248301 0.004986206823 0.008068160110 0.012892883145 0.020346836901 0.031711375496 0.048809524352 0.074193419850 0.111377514784 0.165120492500 0.241755156736 0.349560085366 0.499159390691 0.703927568330 0.980365503582 1.348401997805 1.831563888873 2.456948630684 3.254928098910 4.258513628879 5.502322005641 7.021102001499 8.847811904209 11.011279824520 13.533528323661 16.426899194858 19.691167520419 23.310879571436 27.253179303401 31.466396101846 35.879646540595 40.403652366334 44.932896411722 49.349132439985 53.526142851899 57.335511917708 60.653065971263 63.365540344431 65.376978512985 66.614361070349 67.032004603564 66.614361070349 65.376978512985 63.365540344431 60.653065971263 57.335511917708 53.526142851899 49.349132439985
0.003342354387 0.005476276860 0.008861140359 0.014160061974 0.022346628621 0.034828132486 0.053606775302 0.081485530530 0.122324269452 0.181349383273 0.265516096236 0.383916647403 0.548219341441 0.773113188150 1.076720864655 1.480929877350 2.011579402674 2.698430171580 3.574839163804 4.677062238396 6.043118495984 7.711171996832 9.717420338631 12.093525007042 14.863673053812 18.041419287047 21.626516682989 25.601992640813 29.931761855070 34.559075257697 39.406082635033 44.374731008108 49.349132439985 54.199418845919 58.786967312235 62.970740751161 66.614361070349 69.593431367864 71.802564019035 73.161562894664 73.620254581140 73.161562894664 71.802564019035 69.593431367864 66.614361070349 62.970740751161 58.786967312235 54.199418845919
0.003625258025 0.005939800013 0.009611165206 0.015358598268 0.024238092478 0.037776056083 0.058144161219 0.088382630694 0.132678043103 0.196699161976 0.287989915809 0.416412129171 0.594621735647 0.838551052542 1.167856697040 1.606278778358 2.181843553104 2.926830760714 3.877420783172 5.072938248794 6.554620271802 8.363861195735 10.539922456186 13.117145431019 16.121764412978 19.568481516547 23.457028809380 27.768997095379 32.465246735835 37.484225306750 42.741493194873 48.130698018717 53.526142851899 58.786967312235 63.762815162177 68.300711649502 72.252735364207 75.483960198901 77.880078307140 79.354105597103 79.851621875938 79.354105597103 77.880078307140 75.483960198901 72.252735364207 68.300711649502 63.762815162177 58.786967312235
0.003883261778 0.006362525979 0.010295176298 0.016451644881 0.025963078341 0.040464516933 0.062282187188 0.094672679656 0.142120524966 0.210697923385 0.308485692603 0.446047507306 0.636940003412 0.898229375498 1.250971170416 1.720595042585 2.337121831994 3.135128574953 4.153370552753 5.433971063940 7.021102001499 8.959103677486 11.290031700406 14.050671468472 17.269124326637 20.961138715110 25.126427633231 29.745271732174 34.775745868409 40.151917031417 45.783336177161 51.556081997076 57.335511917708 62.970740751161 68.300711649502 73.161562894664 77.394845748997 80.856031632145 83.422677593005 85.001609022540 85.534532730742 85.001609022540 83.422677593005 80.856031632145 77.394845748997 73.161562894664 68.300711649502 62.970740751161
0.004107955523 0.006730675196 0.010890876986 0.017403571869 0.027465356997 0.042805879514 0.065885966341 0.100150641248 0.150343919298 0.222889351113 0.326335327598 0.471856760009 0.673794699909 0.950202828006 1.323355009654 1.820152312890 2.472352647034 3.316533748891 4.393693362341 5.748392129124 7.427357821433 9.477496375613 11.943296826672 14.863673053812 18.268352405273 22.173994559342 26.580295908893 31.466396101846 36.787944117144 42.475191920752 48.432456895536 54.539226004935 60.653065971263 66.614361070349 72.252735364207 77.394845748997 81.873075307798 85.534532730742 88.249690258460 89.919982001858 90.483741803596 89.919982001858 88.249690258460 85.534532730742 81.873075307798 77.394845748997 72.252735364207 66.614361070349
0.004291667985 0.007031678677 0.011377929441 0.018181879477 0.028693639126 0.044720207328 0.068832461994 0.104629492292 0.157067471054 0.232857217424 0.340929416107 0.492958733155 0.703927568330 0.992696983561 1.382536956895 1.901551602850 2.582919080719 3.464852925466 4.590184346895 6.005466789531 7.759517744899 9.901340836383 12.477414699441 15.528393486390 19.085333986432 23.165640917689 27.768997095379 32.873609268656 38.433142988155 44.374731008108 50.598411675480 56.978282473092 63.365540344431 69.593431367864 75.483960198901 80.856031632145 85.534532730742 89.359734710852 92.196317183790 93.941306281348 94.530278065206 93.941306281348 92.196317183790 89.359734710852 85.534532730742 80.856031632145 75.483960198901 69.593431367864
0.004427900150 0.007254888119 0.011739103692 0.018759034286 0.029604473006 0.046139779093 0.071017438884 0.107950788902 0.162053327793 0.240248898966 0.351751677491 0.508606923101 0.726272627981 1.024208568433 1.426423390900 1.961913330260 2.664909733636 3.574839163804 4.735892439114 6.196100769053 8.005831278672 10.215643133339 12.873490358780 16.021317608635 19.691167520419 23.900997297317 28.650479686019 33.917129643638 39.653141907499 45.783336177161 52.204577676102 58.786967312235 65.376978512985 71.802564019035 77.880078307140 83.422677593005 88.249690258460 92.196317183790 95.122942450071 96.923323447634 97.530991202833 96.923323447634 95.122942450071 92.196317183790 88.249690258460 83.422677593005 77.880078307140 71.802564019035
0.004511706507 0.007392200552 0.011961288358 0.019114084372 0.030164793463 0.047013061388 0.072361577787 0.109993961075 0.165120492500 0.244796062260 0.358409241058 0.518233267871 0.740018706528 1.043593646277 1.453421142455 1.999046238344 2.715348173838 3.642499733736 4.825528130928 6.313373656080 8.157356727029 10.408993436657 13.117145431019 16.324551245396 20.063859984619 24.353368725792 29.192744021722 34.559075257697 40.403652366334 46.649872118285 53.192647716967 59.899621485111 66.614361070349 73.161562894664 79.354105597103 85.001609022540 89.919982001858 93.941306281348 96.923323447634 98.757780049388 99.376949062339 98.757780049388 96.923323447634 93.941306281348 89.919982001858 85.001609022540 79.354105597103 73.161562894664
